Format: x y z  // x y z with wheel more firmly attached

left: 0.54981 -0.316275 -0.003464  // 0.533378 -0.316275 -0.003464
rear_left: 0.528932 0.306875 -0.060752  // 0.5125 0.306875 -0.060752

right: -0.528932 -0.316275 -0.060752  // -0.5125 -0.316275 -0.060752
rear_right: -0.528931 0.306875 -0.060752 // -0.5125 -0.316275 -0.060752